%YAML:1.0
cam0:
  T_imu_cam:
    - [ 0.00435358, -0.02094732, -0.9997711, -0.09114797]
    - [ 0.99990825, 0.01291565, 0.00408357, 0.01596963]
    - [ 0.01282715, -0.99969715, 0.02100162, 0.00002582]
    - [ 0, 0, 0, 1 ]
  cam_overlaps: [0]
  camera_model: pinhole
  distortion_coeffs: [-0.4455868781634357, 0.16178665292544192, -0.0018734075000651448,
    0.0005067388191621104]
  distortion_model: radtan
  intrinsics: [451.749707234694, 450.36453971498923, 323.5699705762541, 266.695024474753]
  resolution: [640, 512]
  rostopic: /thermal_image
